4187
4854
4876
1024
428
2666
45
2946
3798
2738
3831
3296
4949
1404
4903
710
2032
2291
4376
2691
111
3767
2969
4710
349
2073
3672
4495
4808
3800
3316
3679
4349
2994
1449
2189
3001
4091
4165
381
1235
1259
3871
2535
3277
775
551
1906
2537
3286
2368
27
3943
158
4466
4670
1716
787
1509
959
247
3451
847
1710
3046
1465
646
2901
237
1643
538
3975
1998
3554
4745
4638
3244
4791
3446
4057
1697
3645
4012
2768
3496
502
3012
1374
2421
3037
4262
594
4072
4757
1035
4994
1352
3884
2729
500
28
4080
3513
4434
3541
773
2690
3994
1495
4943
496
479
3446
2370
911
2455
4525
412
2905
2514
2978
164
367
228
462
3441
1996
2815
4784
2001
1877
3720
857
1317
4829
3300
4834
1765
2285
982
2129
661
4737
696
843
2867
3333
2124
1155
2908
3966
446
1065
1451
4917
696
517
997
182
4729
1506
2076
519
1299
4641
1245
2340
1047
3362
1856
23
4352
807
3420
68
3488
556
3884
1947
3019
2846
1034
207
2174
1780
2982
2955
483
1803
2164
2668
4324
4763
4959
4338
2722
1391
4766
4496
4601
1538
1641
3602
161
188
4591
4790
812
3573
2360
1964
2167
1264
3122
2759
1671
4320
2442
4693
4137
2841
3537
3747
45
565
3585
1954
192
2935
1930
3118
1077
3548
3309
820
2488
4477
1964
1299
1863
2745
948
2996
2388
4016
1024
3884
971
1346
867
544
1597
3037
4465
4943
3959
550
4555
411
1378
222
2118
449
1879
406
2807
2961
3527
3822
3645
935
3548
3046
1490
4559
3576
1512
1935
1712
1720
4220
4396
4015
2708
2675
4353
4740
2438
2792
3499
1561
2452
2920
2622
1511
604
834
4403
4539
331
4298
2527
4046
4753
3119
2233
2162
3957
3276
4949
944
3729
4060
2569
1182
4810
3622
211
1733
1414
1848
2357
1553
1897
3008
1262
3314
4662
4414
3110
1608
535
1805
2190
1147
4178
2784
578
3224
3728
3465
3084
4407
3450
3373
4862
857
234
2003
3604
608
4899
2291
1244
1342
558
2963
3762
2207
4235
1509
2612
1003
664
4252
2830
1595
337
2653
3635
877
4612
3931
3162
3275
4183
2026
401
389
401
1573
1080
2071
97
4987
4956
2885
1511
228
4342
4842
1294
450
4167
3560
4242
3595
3755
1058
4475
3882
1608
710
1510
4205
2097
3014
533
2865
1571
4325
762
2713
4123
1558
4581
654
2289
2296
767
744
4054
1735
2027
155
3318
3404
3960
1981
369
3260
765
3683
4916
4982
354
4971
3334
421
1078
429
1634
2485
3698
3475
985
4475
4370
1023
1888
581
4563
651
2997
113
4078
2699
3634
3242
3119
1119
20
2412
770
4492
2683
2897
347
1163
1461
4092
1240
2841
2993
4010
2261
301
53
2624
4484
2817
2541
1736
4775
2992
2449
4229
2851
4437
3017
1398
1123
2380
1927
2216
1550
1730
4137
1179
2950
