4687
5354
5376
1524
928
3166
545
3446
4298
3238
4331
3796
5449
1904
5403
1210
2532
2791
4876
3191
611
4267
3469
5210
849
2573
4172
4995
5308
4300
3816
4179
4849
3494
1949
2689
3501
4591
4665
881
1735
1759
4371
3035
3777
1275
1051
2406
3037
3786
2868
527
4443
658
4966
5170
2216
1287
2009
1459
747
3951
1347
2210
3546
1965
1146
3401
737
2143
1038
4475
2498
4054
5245
5138
3744
5291
3946
4557
2197
4145
4512
3268
3996
1002
3512
1874
2921
3537
4762
1094
4572
5257
1535
5494
1852
4384
3229
1000
528
4580
4013
4934
4041
1273
3190
4494
1995
5443
996
979
3946
2870
1411
2955
5025
912
3405
3014
3478
664
867
728
962
3941
2496
3315
5284
2501
2377
4220
1357
1817
5329
3800
5334
2265
2785
1482
2629
1161
5237
1196
1343
3367
3833
2624
1655
3408
4466
946
1565
1951
5417
1196
1017
1497
682
5229
2006
2576
1019
1799
5141
1745
2840
1547
3862
2356
523
4852
1307
3920
568
3988
1056
4384
2447
3519
3346
1534
707
2674
2280
3482
3455
983
2303
2664
3168
4824
5263
5459
4838
3222
1891
5266
4996
5101
2038
2141
4102
661
688
5091
5290
1312
4073
2860
2464
2667
1764
3622
3259
2171
4820
2942
5193
4637
3341
4037
4247
545
1065
4085
2454
692
3435
2430
3618
1577
4048
3809
1320
2988
4977
2464
1799
2363
3245
1448
3496
2888
4516
1524
4384
1471
1846
1367
1044
2097
3537
4965
5443
4459
1050
5055
911
1878
722
2618
949
2379
906
3307
3461
4027
4322
4145
1435
4048
3546
1990
5059
4076
2012
2435
2212
2220
4720
4896
4515
3208
3175
4853
5240
2938
3292
3999
2061
2952
3420
3122
2011
1104
1334
4903
5039
831
4798
3027
4546
5253
3619
2733
2662
4457
3776
5449
1444
4229
4560
3069
1682
5310
4122
711
2233
1914
2348
2857
2053
2397
3508
1762
3814
5162
4914
3610
2108
1035
2305
2690
1647
4678
3284
1078
3724
4228
3965
3584
4907
3950
3873
5362
1357
734
2503
4104
1108
5399
2791
1744
1842
1058
3463
4262
2707
4735
2009
3112
1503
1164
4752
3330
2095
837
3153
4135
1377
5112
4431
3662
3775
4683
2526
901
889
901
2073
1580
2571
597
5487
5456
3385
2011
728
4842
5342
1794
950
4667
4060
4742
4095
4255
1558
4975
4382
2108
1210
2010
4705
2597
3514
1033
3365
2071
4825
1262
3213
4623
2058
5081
1154
2789
2796
1267
1244
4554
2235
2527
655
3818
3904
4460
2481
869
3760
1265
4183
5416
5482
854
5471
3834
921
1578
929
2134
2985
4198
3975
1485
4975
4870
1523
2388
1081
5063
1151
3497
613
4578
3199
4134
3742
3619
1619
520
2912
1270
4992
3183
3397
847
1663
1961
4592
1740
3341
3493
4510
2761
801
553
3124
4984
3317
3041
2236
5275
3492
2949
4729
3351
4937
3517
1898
1623
2880
2427
2716
2050
2230
4637
1679
3450
