4986
2054
4586
1082
2303
5497
2259
1019
1842
3305
1735
3067
1198
1983
4327
3714
5263
1776
3571
1242
4603
4962
1704
2931
3460
2700
1454
2585
3419
5120
4317
1155
3782
853
4181
4584
4082
3845
892
3895
4396
2311
2137
2499
4329
3186
3488
3609
1349
1544
3871
3640
3872
2170
1965
1292
2333
3149
5418
1135
900
5281
1258
2061
5015
4426
4995
4170
778
3045
1117
4962
3195
1665
1929
620
3929
1639
4938
908
5153
5367
5105
1500
5316
1792
1388
2966
4012
2364
4910
512
4013
5022
2218
1541
3184
2665
4081
4740
5291
5070
4227
1839
932
5161
1730
4810
1084
5441
977
3174
1529
2218
2364
2985
1195
1057
2202
4820
5488
2875
1268
3753
1354
618
1609
3886
5430
3101
4514
2219
3577
1595
2137
619
3803
1900
1591
3146
4181
3076
1546
2900
2878
1869
1757
3038
5449
5144
1257
4939
5298
4639
946
941
5208
4698
1004
1326
4501
2372
1468
5161
3055
3665
2715
4530
4707
4646
3189
1967
4976
2429
3512
1114
3374
2172
1920
4708
4642
5065
4095
4991
1313
3796
5202
1431
4569
2649
3534
855
615
4704
5433
4860
5323
2363
4390
4048
1873
2363
1664
3149
2680
4568
1583
5403
1757
3203
1577
1664
2642
1929
4199
2403
1599
2206
1432
3989
1826
523
828
3029
4307
4535
4702
4823
4072
2189
4564
2064
3376
4287
819
864
1395
1159
2132
532
2374
1038
5099
1927
2901
5075
4678
1468
1696
913
4178
1915
3032
3837
528
3445
1523
5075
2575
4694
4074
4220
3260
2799
3028
3454
4580
876
3676
3416
4050
5232
2918
3520
2763
4659
4879
1468
4726
5326
2689
1681
3170
4323
3589
5163
1352
4011
2691
2081
3416
1661
3613
620
5151
1712
1627
540
733
2438
1503
4671
1573
4829
5400
535
2117
3602
3068
3959
4053
3100
3382
5162
4301
4995
2535
5039
615
2315
3232
3037
1140
2377
3798
5159
2651
4568
2270
2565
4987
1904
4864
3127
1025
3684
5177
4918
2285
4503
4752
1880
607
4267
3402
3079
3983
3853
1416
3720
1874
1728
4918
4243
4792
2644
1039
1980
1978
1147
2116
3668
3386
4768
3963
540
2643
2948
1452
3816
3975
4190
4423
2548
3558
2894
4337
1102
5076
2367
1638
1359
5164
1775
4368
1559
3848
3156
2637
1836
3923
1756
2126
4527
1261
2113
3228
539
3205
5007
3942
2986
3646
5404
4637
3870
4184
4395
984
4377
2967
2932
1939
1338
5057
5307
4002
1757
4536
2588
1884
517
4887
4336
555
1824
5138
5207
5295
2999
510
1890
4666
4241
1623
5155
4062
1515
3760
1740
627
1462
1461
2584
693
2844
781
5410
2297
2936
3307
3376
1808
2042
3036
4235
4549
4732
2115
4798
1792
4285
943
4841
3733
5295
1790
3849
2782
1646
3539
3781
5133
4151
4762
1231
4686
4418
1581
2221
4609
3382
4975
4700
2493
4568
3781
2944
3472
1856
5317
3546
4915
3672
3902
2431
3234
4249
4975
2392
2090
5107
3907
2499
5138
4761
5490
2326
4076
3927
3068
2323
725
2594
2870
3300
688
1482
3198
2084
1425
5054
4115
2880
932
3748
2958
4032
4854
5115
3637
606
3420
2583
630
1538
2584
2016
3921
5351
1122
1392
4350
2094
2858
3871
2853
1221
691
2501
1604
939
1883
4803
955
2323
4480
3758
5219
4810
4645
1905
4301
3622
3537
2149
4048
2726
744
3976
962
3992
5091
3240
3039
931
3603
1090
4343
4089
1587
2124
594
2888
1003
2843
527
3374
3305
2993
2850
2143
3682
3486
4403
5397
622
1858
4283
1994
2617
4981
5058
3284
2301
4819
4964
5197
2989
3663
4258
4438
885
1459
3356
1336
3173
825
676
4919
692
3354
4262
1276
2369
1056
2011
1693
5381
2009
4949
3819
1796
579
4181
3391
3675
3934
944
2033
3603
5283
3912
3391
3019
2687
1150
1295
1988
1379
1062
4537
3333
2900
987
1324
1975
2602
2129
2884
5235
4751
2857
2356
768
1469
4047
5197
2441
5340
5159
4027
1698
2736
1942
912
2914
1075
5485
872
3884
988
2608
2289
1473
3163
3813
4004
2928
647
872
3388
821
1478
4339
1914
1815
841
3715
2803
2178
1266
3158
5375
965
5267
3024
4550
1295
4636
3092
3136
2731
5287
2544
809
1666
4212
3249
1520
4935
1860
5413
1059
1917
1749
1352
2361
1565
3553
934
667
692
1539
3344
5384
2569
3063
4369
3907
2220
4445
3080
867
3834
4010
1448
1527
3701
4826
2898
2708
4809
4942
3964
2260
3937
4453
1763
5220
5455
1291
4180
3603
3546
1091
1345
762
2978
2770
4783
4965
5207
5434
2291
1812
2151
1863
3725
1782
3783
4610
2980
4819
1929
4023
1121
1355
595
3213
1312
4704
4064
1041
2425
2638
4240
3423
973
1067
3995
1999
5268
2550
1330
3664
3787
4536
4374
5411
4138
4825
1338
4327
4188
3433
1947
4532
2840
4669
793
3750
2996
1729
725
896
2953
3448
3514
1034
1713
3877
2760
5457
2069
2532
3915
5010
1235
4235
4810
4666
5477
1671
4924
877
2909
5308
2189
4441
3940
1020
5325
3470
4346
3275
5058
3236
2567
533
956
873
1856
1780
3134
614
1797
1626
1853
2629
5480
2920
2032
4201
520
3521
1215
2385
2731
702
1233
1626
778
4030
509
1256
3614
4729
2778
2937
2536
3961
1426
1751
3702
2326
4217
2552
754
2181
3451
4892
2556
3092
4595
3970
1896
3756
4985
1038
4738
3771
1955
3091
4558
3294
4876
3657
612
1759
2785
2555
704
4689
3912
4480
3056
1005
3492
4844
2278
2967
4675
4395
1997
5370
3600
4249
2185
2925
3924
633
5183
5425
3752
3824
4939
3679
3597
2516
3345
3691
4300
3478
4507
1911
1554
2217
1065
5037
2643
3671
590
5078
1968
5143
2527
4616
3379
3932
558
5326
806
517
4373
3018
4699
1164
2807
3904
5166
3174
1464
2351
1967
814
1692
2641
2212
4878
2373
2484
571
4307
4830
3828
1893
803
4396
5007
4838
3342
5485
1437
2377
4646
4824
2922
1825
2045
2388
1058
4858
1818
3757
4312
1133
4655
1944
4666
3034
3225
3728
676
1912
2213
2009
1991
5232
3028
2762
4966
2472
4466
4096
2053
4651
2041
2797
2639
2797
2093
1311
2530
3565
1108
4756
769
3395
4260
2028
5382
2736
3512
663
2809
4517
4729
2333
1994
5188
3013
5404
1031
2259
3134
1676
2610
1279
593
3151
4963
4780
722
1772
637
4890
4545
786
3111
5428
3619
1961
3193
2067
2199
1109
4265
1087
1426
4780
2433
2349
4066
1486
2527
3107
5236
1333
705
4672
3627
3122
4274
1466
2262
1398
2070
3967
868
4722
3958
1733
4390
1886
4120
1445
1633
1958
2086
3945
1830
1539
1385
2815
656
2901
4649
2837
5026
3510
5140
4804
3330
3066
3658
3754
1198
1171
2632
759
1793
3304
2409
1609
2114
3197
693
5027
3106
4038
3780
600
4624
1630
788
1317
1578
2468
3819
1477
5162
2444
4937
4806
3011
2884
4548
3072
2094
2629
1922
2510
4781
3697
5173
2341
5211
3076
2414
1945
5055
850
5097
2167
3283
3504
3576
1565
4197
5255
2270
1678
1945
979
1347
2898
1633
5411
1271
4697
506
2544
1813
1088
4548
4360
3509
2836
5485
1932
3366
2084
2155
3957
3598
4339
1309
3190
3223
3338
4564
4459
3561
1981
2427
4751
646
2468
696
1435
1749
2897
758
1882
5430
825
2848
5169
2151
3195
1828
604
2465
918
4562
2140
1090
2032
4416
2228
1047
3288
4556
3515
3254
2605
1988
4196
5342
3479
4469
1272
1347
4595
1590
2222
3978
4901
2416
3736
2277
1902
1780
2759
3035
3892
3585
5313
4263
4945
5033
5334
4163
2899
4071
2899
4170
2738
4864
2813
3583
2977
3379
4191
4645
804
5021
2415
2699
4928
4165
4090
1187
3536
881
2456
2312
3915
3852
1394
5418
2082
1052
1912
5120
3263
940
5327
3576
2242
4195
2719
3741
4621
5350
4931
1694
759
793
4058
1999
4078
4093
4258
1311
3165
2583
3812
5277
3389
4077
634
5055
2720
4998
4589
4208
2552
4252
3884
4941
4718
840
5102
2069
5023
3411
1312
1395
2345
1725
3011
3505
5299
4260
4044
3610
3962
2305
3927
708
5312
4458
3718
2905
3630
688
1066
1969
2603
1758
5309
3109
4189
2253
3502
1602
5467
3133
3403
4223
4813
3428
2157
5069
1187
1164
2525
1403
4331
2997
2917
1571
1606
2127
2457
1933
3162
5321
1763
2077
3066
1499
1750
2963
3128
3764
2811
896
3261
2697
5127
1672
4144
3867
3326
584
1650
636
5328
3444
3667
1597
5041
3437
525
2823
599
3198
1573
4452
2004
906
3450
1161
3083
2052
4518
1691
2040
2659
641
3194
672
575
701
3622
3152
2916
1061
4037
2041
3370
1150
3895
2752
4662
1287
630
2108
3689
2285
5229
2833
4227
839
3139
4457
3996
1609
4796
1458
4919
3307
741
4283
4971
3177
5314
4456
4775
1718
2877
4348
1113
593
3397
2246
4067
4138
1097
4685
2722
5454
4159
5421
5052
3205
3134
4531
4502
4533
3924
4845
3440
2048
5053
1482
3782
776
769
2097
2283
5042
2032
1182
1204
1024
5484
4767
2126
881
4435
3869
2661
2739
3792
1277
2802
4881
3933
3406
4391
3151
935
2469
2619
1162
4958
2995
1445
3445
4240
1105
3782
1373
3129
4882
1168
4142
4632
1710
2093
2999
4681
5216
909
3049
1098
1709
3199
2901
677
2596
2651
2682
4865
5125
1274
3750
3077
914
1251
756
5250
634
2563
5204
2084
3148
3560
5344
3677
2113
3554
3090
2990
986
2703
955
2883
2961
2073
638
649
643
2853
1523
1446
4306
3683
1376
1901
673
685
2610
1013
3441
5495
777
3966
649
1873
4321
4927
3250
5107
3877
3910
5032
5454
550
3965
1012
1363
953
1845
766
3122
902
3090
728
1041
5188
931
2702
1775
5347
2660
650
3156
5009
1602
1292
3199
5046
1834
4846
5411
2171
5126
4901
1727
3325
4557
2587
4033
5152
3494
4154
1886
2662
4529
3579
5336
1951
2506
4748
2493
1850
3338
5272
864
5369
4756
4337
4758
5458
1161
3688
3230
4322
4361
4309
4302
2437
5415
5418
2007
2008
1575
4353
3404
648
2030
1647
2836
4643
4102
2120
874
3131
4053
1025
4981
1299
3457
764
5297
594
5306
4686
985
5125
5292
4845
558
993
1775
2293
841
2174
3997
3242
969
2511
1919
1647
5394
677
2028
5365
722
4723
1087
3543
5401
3845
5004
3354
5077
1234
1464
1666
5398
3096
5362
1968
4612
1726
1825
839
532
1172
2251
4446
5417
4711
910
2488
1365
1978
4823
2343
2739
902
638
1359
5199
5297
2962
5262
3301
2060
5006
1633
5307
4871
3399
4834
4588
1095
2201
4798
4002
4680
4077
1994
2943
1997
4273
4846
4880
4564
2116
850
1287
2903
2324
3869
1995
2325
1182
3788
1430
4271
4297
1879
2915
2726
2528
5415
2106
4369
722
4676
5377
2380
1536
4123
3360
5485
4170
1805
1369
3520
1830
2394
3347
2139
1262
948
5010
3307
629
3737
2180
4173
5125
3256
4098
4745
5176
3740
1217
2432
5210
3006
1340
3166
2103
1900
1304
754
4758
3328
3443
3003
1089
4764
2826
1053
3072
1321
2470
1857
5009
1223
3458
1642
2519
1303
1620
940
804
5132
3485
2679
5075
3575
1871
2153
1935
4770
3698
3601
3817
3684
5203
687
4402
3987
1929
1810
1222
688
2549
4546
2729
3836
4341
2275
2177
4481
3749
4315
3303
3571
1572
1234
3459
3093
3534
4448
4323
3616
3411
805
2207
1757
1499
4962
2964
4548
5180
4789
4348
1437
4522
1705
1294
3820
985
1284
1992
1610
4970
5050
709
702
5440
2902
788
3866
2269
3441
4095
874
3758
3963
1084
4311
1432
1686
3948
3049
910
5323
5221
3468
3048
1364
4527
3681
4169
552
887
2766
2501
1109
4587
2312
1125
551
771
931
2793
5023
1264
2628
2313
1167
1532
4030
4231
4385
2669
3912
3236
