4486
1554
4086
582
1803
4997
1759
519
1342
2805
1235
2567
698
1483
3827
3214
4763
1276
3071
742
4103
4462
1204
2431
2960
2200
954
2085
2919
4620
3817
655
3282
353
3681
4084
3582
3345
392
3395
3896
1811
1637
1999
3829
2686
2988
3109
849
1044
3371
3140
3372
1670
1465
792
1833
2649
4918
635
400
4781
758
1561
4515
3926
4495
3670
278
2545
617
4462
2695
1165
1429
120
3429
1139
4438
408
4653
4867
4605
1000
4816
1292
888
2466
3512
1864
4410
12
3513
4522
1718
1041
2684
2165
3581
4240
4791
4570
3727
1339
432
4661
1230
4310
584
4941
477
2674
1029
1718
1864
2485
695
557
1702
4320
4988
2375
768
3253
854
118
1109
3386
4930
2601
4014
1719
3077
1095
1637
119
3303
1400
1091
2646
3681
2576
1046
2400
2378
1369
1257
2538
4949
4644
757
4439
4798
4139
446
441
4708
4198
504
826
4001
1872
968
4661
2555
3165
2215
4030
4207
4146
2689
1467
4476
1929
3012
614
2874
1672
1420
4208
4142
4565
3595
4491
813
3296
4702
931
4069
2149
3034
355
115
4204
4933
4360
4823
1863
3890
3548
1373
1863
1164
2649
2180
4068
1083
4903
1257
2703
1077
1164
2142
1429
3699
1903
1099
1706
932
3489
1326
23
328
2529
3807
4035
4202
4323
3572
1689
4064
1564
2876
3787
319
364
895
659
1632
32
1874
538
4599
1427
2401
4575
4178
968
1196
413
3678
1415
2532
3337
28
2945
1023
4575
2075
4194
3574
3720
2760
2299
2528
2954
4080
376
3176
2916
3550
4732
2418
3020
2263
4159
4379
968
4226
4826
2189
1181
2670
3823
3089
4663
852
3511
2191
1581
2916
1161
3113
120
4651
1212
1127
40
233
1938
1003
4171
1073
4329
4900
35
1617
3102
2568
3459
3553
2600
2882
4662
3801
4495
2035
4539
115
1815
2732
2537
640
1877
3298
4659
2151
4068
1770
2065
4487
1404
4364
2627
525
3184
4677
4418
1785
4003
4252
1380
107
3767
2902
2579
3483
3353
916
3220
1374
1228
4418
3743
4292
2144
539
1480
1478
647
1616
3168
2886
4268
3463
40
2143
2448
952
3316
3475
3690
3923
2048
3058
2394
3837
602
4576
1867
1138
859
4664
1275
3868
1059
3348
2656
2137
1336
3423
1256
1626
4027
761
1613
2728
39
2705
4507
3442
2486
3146
4904
4137
3370
3684
3895
484
3877
2467
2432
1439
838
4557
4807
3502
1257
4036
2088
1384
17
4387
3836
55
1324
4638
4707
4795
2499
10
1390
4166
3741
1123
4655
3562
1015
3260
1240
127
962
961
2084
193
2344
281
4910
1797
2436
2807
2876
1308
1542
2536
3735
4049
4232
1615
4298
1292
3785
443
4341
3233
4795
1290
3349
2282
1146
3039
3281
4633
3651
4262
731
4186
3918
1081
1721
4109
2882
4475
4200
1993
4068
3281
2444
2972
1356
4817
3046
4415
3172
3402
1931
2734
3749
4475
1892
1590
4607
3407
1999
4638
4261
4990
1826
3576
3427
2568
1823
225
2094
2370
2800
188
982
2698
1584
925
4554
3615
2380
432
3248
2458
3532
4354
4615
3137
106
2920
2083
130
1038
2084
1516
3421
4851
622
892
3850
1594
2358
3371
2353
721
191
2001
1104
439
1383
4303
455
1823
3980
3258
4719
4310
4145
1405
3801
3122
3037
1649
3548
2226
244
3476
462
3492
4591
2740
2539
431
3103
590
3843
3589
1087
1624
94
2388
503
2343
27
2874
2805
2493
2350
1643
3182
2986
3903
4897
122
1358
3783
1494
2117
4481
4558
2784
1801
4319
4464
4697
2489
3163
3758
3938
385
959
2856
836
2673
325
176
4419
192
2854
3762
776
1869
556
1511
1193
4881
1509
4449
3319
1296
79
3681
2891
3175
3434
444
1533
3103
4783
3412
2891
2519
2187
650
795
1488
879
562
4037
2833
2400
487
824
1475
2102
1629
2384
4735
4251
2357
1856
268
969
3547
4697
1941
4840
4659
3527
1198
2236
1442
412
2414
575
4985
372
3384
488
2108
1789
973
2663
3313
3504
2428
147
372
2888
321
978
3839
1414
1315
341
3215
2303
1678
766
2658
4875
465
4767
2524
4050
795
4136
2592
2636
2231
4787
2044
309
1166
3712
2749
1020
4435
1360
4913
559
1417
1249
852
1861
1065
3053
434
167
192
1039
2844
4884
2069
2563
3869
3407
1720
3945
2580
367
3334
3510
948
1027
3201
4326
2398
2208
4309
4442
3464
1760
3437
3953
1263
4720
4955
791
3680
3103
3046
591
845
262
2478
2270
4283
4465
4707
4934
1791
1312
1651
1363
3225
1282
3283
4110
2480
4319
1429
3523
621
855
95
2713
812
4204
3564
541
1925
2138
3740
2923
473
567
3495
1499
4768
2050
830
3164
3287
4036
3874
4911
3638
4325
838
3827
3688
2933
1447
4032
2340
4169
293
3250
2496
1229
225
396
2453
2948
3014
534
1213
3377
2260
4957
1569
2032
3415
4510
735
3735
4310
4166
4977
1171
4424
377
2409
4808
1689
3941
3440
520
4825
2970
3846
2775
4558
2736
2067
33
456
373
1356
1280
2634
114
1297
1126
1353
2129
4980
2420
1532
3701
20
3021
715
1885
2231
202
733
1126
278
3530
9
756
3114
4229
2278
2437
2036
3461
926
1251
3202
1826
3717
2052
254
1681
2951
4392
2056
2592
4095
3470
1396
3256
4485
538
4238
3271
1455
2591
4058
2794
4376
3157
112
1259
2285
2055
204
4189
3412
3980
2556
505
2992
4344
1778
2467
4175
3895
1497
4870
3100
3749
1685
2425
3424
133
4683
4925
3252
3324
4439
3179
3097
2016
2845
3191
3800
2978
4007
1411
1054
1717
565
4537
2143
3171
90
4578
1468
4643
2027
4116
2879
3432
58
4826
306
17
3873
2518
4199
664
2307
3404
4666
2674
964
1851
1467
314
1192
2141
1712
4378
1873
1984
71
3807
4330
3328
1393
303
3896
4507
4338
2842
4985
937
1877
4146
4324
2422
1325
1545
1888
558
4358
1318
3257
3812
633
4155
1444
4166
2534
2725
3228
176
1412
1713
1509
1491
4732
2528
2262
4466
1972
3966
3596
1553
4151
1541
2297
2139
2297
1593
811
2030
3065
608
4256
269
2895
3760
1528
4882
2236
3012
163
2309
4017
4229
1833
1494
4688
2513
4904
531
1759
2634
1176
2110
779
93
2651
4463
4280
222
1272
137
4390
4045
286
2611
4928
3119
1461
2693
1567
1699
609
3765
587
926
4280
1933
1849
3566
986
2027
2607
4736
833
205
4172
3127
2622
3774
966
1762
898
1570
3467
368
4222
3458
1233
3890
1386
3620
945
1133
1458
1586
3445
1330
1039
885
2315
156
2401
4149
2337
4526
3010
4640
4304
2830
2566
3158
3254
698
671
2132
259
1293
2804
1909
1109
1614
2697
193
4527
2606
3538
3280
100
4124
1130
288
817
1078
1968
3319
977
4662
1944
4437
4306
2511
2384
4048
2572
1594
2129
1422
2010
4281
3197
4673
1841
4711
2576
1914
1445
4555
350
4597
1667
2783
3004
3076
1065
3697
4755
1770
1178
1445
479
847
2398
1133
4911
771
4197
6
2044
1313
588
4048
3860
3009
2336
4985
1432
2866
1584
1655
3457
3098
3839
809
2690
2723
2838
4064
3959
3061
1481
1927
4251
146
1968
196
935
1249
2397
258
1382
4930
325
2348
4669
1651
2695
1328
104
1965
418
4062
1640
590
1532
3916
1728
547
2788
4056
3015
2754
2105
1488
3696
4842
2979
3969
772
847
4095
1090
1722
3478
4401
1916
3236
1777
1402
1280
2259
2535
3392
3085
4813
3763
4445
4533
4834
3663
2399
3571
2399
3670
2238
4364
2313
3083
2477
2879
3691
4145
304
4521
1915
2199
4428
3665
3590
687
3036
381
1956
1812
3415
3352
894
4918
1582
552
1412
4620
2763
440
4827
3076
1742
3695
2219
3241
4121
4850
4431
1194
259
293
3558
1499
3578
3593
3758
811
2665
2083
3312
4777
2889
3577
134
4555
2220
4498
4089
3708
2052
3752
3384
4441
4218
340
4602
1569
4523
2911
812
895
1845
1225
2511
3005
4799
3760
3544
3110
3462
1805
3427
208
4812
3958
3218
2405
3130
188
566
1469
2103
1258
4809
2609
3689
1753
3002
1102
4967
2633
2903
3723
4313
2928
1657
4569
687
664
2025
903
3831
2497
2417
1071
1106
1627
1957
1433
2662
4821
1263
1577
2566
999
1250
2463
2628
3264
2311
396
2761
2197
4627
1172
3644
3367
2826
84
1150
136
4828
2944
3167
1097
4541
2937
25
2323
99
2698
1073
3952
1504
406
2950
661
2583
1552
4018
1191
1540
2159
141
2694
172
75
201
3122
2652
2416
561
3537
1541
2870
650
3395
2252
4162
787
130
1608
3189
1785
4729
2333
3727
339
2639
3957
3496
1109
4296
958
4419
2807
241
3783
4471
2677
4814
3956
4275
1218
2377
3848
613
93
2897
1746
3567
3638
597
4185
2222
4954
3659
4921
4552
2705
2634
4031
4002
4033
3424
4345
2940
1548
4553
982
3282
276
269
1597
1783
4542
1532
682
704
524
4984
4267
1626
381
3935
3369
2161
2239
3292
777
2302
4381
3433
2906
3891
2651
435
1969
2119
662
4458
2495
945
2945
3740
605
3282
873
2629
4382
668
3642
4132
1210
1593
2499
4181
4716
409
2549
598
1209
2699
2401
177
2096
2151
2182
4365
4625
774
3250
2577
414
751
256
4750
134
2063
4704
1584
2648
3060
4844
3177
1613
3054
2590
2490
486
2203
455
2383
2461
1573
138
149
143
2353
1023
946
3806
3183
876
1401
173
185
2110
513
2941
4995
277
3466
149
1373
3821
4427
2750
4607
3377
3410
4532
4954
50
3465
512
863
453
1345
266
2622
402
2590
228
541
4688
431
2202
1275
4847
2160
150
2656
4509
1102
792
2699
4546
1334
4346
4911
1671
4626
4401
1227
2825
4057
2087
3533
4652
2994
3654
1386
2162
4029
3079
4836
1451
2006
4248
1993
1350
2838
4772
364
4869
4256
3837
4258
4958
661
3188
2730
3822
3861
3809
3802
1937
4915
4918
1507
1508
1075
3853
2904
148
1530
1147
2336
4143
3602
1620
374
2631
3553
525
4481
799
2957
264
4797
94
4806
4186
485
4625
4792
4345
58
493
1275
1793
341
1674
3497
2742
469
2011
1419
1147
4894
177
1528
4865
222
4223
587
3043
4901
3345
4504
2854
4577
734
964
1166
4898
2596
4862
1468
4112
1226
1325
339
32
672
1751
3946
4917
4211
410
1988
865
1478
4323
1843
2239
402
138
859
4699
4797
2462
4762
2801
1560
4506
1133
4807
4371
2899
4334
4088
595
1701
4298
3502
4180
3577
1494
2443
1497
3773
4346
4380
4064
1616
350
787
2403
1824
3369
1495
1825
682
3288
930
3771
3797
1379
2415
2226
2028
4915
1606
3869
222
4176
4877
1880
1036
3623
2860
4985
3670
1305
869
3020
1330
1894
2847
1639
762
448
4510
2807
129
3237
1680
3673
4625
2756
3598
4245
4676
3240
717
1932
4710
2506
840
2666
1603
1400
804
254
4258
2828
2943
2503
589
4264
2326
553
2572
821
1970
1357
4509
723
2958
1142
2019
803
1120
440
304
4632
2985
2179
4575
3075
1371
1653
1435
4270
3198
3101
3317
3184
4703
187
3902
3487
1429
1310
722
188
2049
4046
2229
3336
3841
1775
1677
3981
3249
3815
2803
3071
1072
734
2959
2593
3034
3948
3823
3116
2911
305
1707
1257
999
4462
2464
4048
4680
4289
3848
937
4022
1205
794
3320
485
784
1492
1110
4470
4550
209
202
4940
2402
288
3366
1769
2941
3595
374
3258
3463
584
3811
932
1186
3448
2549
410
4823
4721
2968
2548
864
4027
3181
3669
52
387
2266
2001
609
4087
1812
625
51
271
431
2293
4523
764
2128
1813
667
1032
3530
3731
3885
2169
3412
2736
