3212
3133
4253
555
2850
259
4624
4267
4481
3613
2630
1667
1439
3455
4370
3153
2414
1317
2027
1472
577
751
3161
2228
3195
2046
644
580
2180
2638
1930
2545
3821
1644
2480
203
600
928
3821
1920
171
4233
3556
2239
1251
3285
4247
2774
2659
4528
3822
2793
204
2137
2216
44
3508
682
3159
53
4305
3703
206
2093
2637
2195
3651
3981
1081
2344
4239
4243
715
1413
3802
580
1578
4839
3426
353
230
2427
2578
1652
2754
1183
2157
4161
3324
2318
3498
2584
4809
1602
3878
4671
147
1986
4288
3073
404
4011
2141
4123
1834
649
3186
4211
11
1125
1568
3034
3792
629
1695
9
675
3961
1381
3876
1866
3345
3014
900
76
1146
3819
126
4032
4680
2924
1031
3363
2451
2289
961
1992
28
1362
3148
399
3862
1796
3800
2024
239
940
1351
551
1486
4683
2621
71
4644
3050
25
1641
4485
3869
2947
748
1086
1514
1206
1627
222
4256
973
1268
4078
2178
2671
3741
1211
2811
2244
3431
2032
4314
815
1285
3319
4549
2843
4979
1358
2799
4216
1128
2068
4299
2070
3558
211
4752
4022
4215
1804
4133
1518
4383
1233
4627
3483
4590
59
1128
3005
4357
4922
2472
3384
86
4779
1084
3559
853
3993
2124
4681
4875
4782
910
1726
4055
4064
1543
2585
1157
1334
4422
3356
449
4906
2133
4416
1066
1799
4609
252
2785
610
527
835
2881
1963
1895
4761
4454
4066
3130
636
3928
4436
317
3892
4311
4589
3726
2716
2142
1124
2563
4913
4169
3732
1272
768
3080
2383
4631
3353
1828
2939
3239
5000
2127
3895
1543
1384
278
4740
2513
3032
1848
4613
3042
3256
4813
3937
3550
4858
4305
4462
3198
4467
120
2165
587
2065
1881
866
1449
2236
886
4899
4231
1406
399
1662
1491
4005
1708
3293
4417
1366
2346
1090
4394
3377
4258
4581
2870
4577
3103
2715
4324
1370
774
1598
3431
3987
2805
753
1832
3124
4070
1027
1120
2198
1379
633
845
575
1729
2221
1089
4765
3503
3163
3856
4704
2549
4112
1912
3178
983
2252
1392
880
3546
1030
4011
1607
291
3604
4900
3425
4948
4482
1553
4304
4857
1287
2714
2591
900
1245
2025
622
470
4536
490
1740
1471
3123
1233
4500
2914
2016
816
4898
4700
1766
3408
3541
4756
1258
2932
3349
978
857
3811
3643
2657
3793
1781
4061
3950
1173
4155
1561
3680
1880
1440
2886
864
2238
3668
2352
4992
4032
3469
1875
4574
4910
685
3901
1191
4916
4849
1669
478
1543
3726
3360
468
3367
1948
440
1871
3549
1988
3189
2965
787
1875
246
2063
464
1759
78
1257
2395
1502
721
2358
2885
1140
2326
3805
1890
2619
2004
241
718
1698
2150
1530
2081
4912
1185
3982
3228
855
4651
2996
4267
4899
3179
4957
2698
4226
2925
1956
3307
2716
1997
36
1052
1939
1816
4150
4211
3729
1216
682
2419
4142
2431
2994
2934
1400
3752
3612
1202
3058
2794
2470
4166
2784
4934
10
2604
2935
1326
833
4941
4615
1894
754
1459
2194
589
289
447
3068
1162
274
4769
442
1840
493
246
2917
3380
1985
4409
1990
899
1779
1084
1001
3839
3621
3701
2124
497
90
252
2894
1189
1869
1281
2722
2675
2695
4248
3163
2569
1168
630
407
124
3619
3258
3455
3918
316
2671
1466
2374
3074
3438
2223
941
2791
550
4905
3245
4085
14
970
4570
1912
4343
1587
2010
1592
2980
3703
366
3157
2835
4805
569
963
1586
3061
781
4582
3980
1663
4011
1652
2436
1641
729
1359
183
3375
3691
306
1508
2995
3300
2753
4492
2852
4859
1435
1339
2784
1273
4769
3431
3700
2359
1478
1054
4080
2250
3494
26
2981
3801
4601
2022
4680
58
4326
4703
2878
1898
2474
685
616
4076
1625
4889
1782
3022
2377
1279
2309
1361
4460
2491
2051
191
4043
29
2895
4253
4685
4238
1099
4664
360
4323
4548
1233
3084
2247
294
4827
4277
1730
4705
1217
3639
3206
3529
3491
4809
4733
4175
471
4477
2014
283
2097
2947
1672
3939
1597
1267
2795
4018
3145
2842
4123
4476
3166
4801
2758
4182
1030
4834
4290
3000
4236
2516
442
156
4425
1172
4024
734
2947
228
4673
355
3589
2926
2094
3668
2411
783
1655
1642
4020
1462
4784
4393
2633
4883
365
2190
186
1426
2975
2707
373
1688
2950
2096
3392
2858
3166
97
1580
3674
2244
3156
3658
1875
4840
1393
663
4946
3163
4642
4057
4789
887
3634
3200
2245
3148
3024
3680
429
462
3619
4932
90
2129
4700
3410
4250
4688
593
4763
4519
767
3158
337
1363
2222
3731
2832
820
726
2219
2503
103
3691
3496
3718
2773
3818
1082
3791
514
1658
1191
232
1851
2869
4633
4765
4157
1413
4781
1311
4075
1209
4520
1633
4814
1215
1314
3735
4268
2649
84
4375
3867
2890
4475
4065
3180
1184
2548
3265
2706
4441
4184
4529
2554
1415
3783
1529
4915
3214
4790
4849
2333
98
1627
4267
251
3380
4653
4483
2427
4172
46
3712
4058
245
234
1818
4410
893
4151
2267
2165
2940
3213
2792
752
106
181
3855
3755
619
4100
993
4598
2012
3774
3318
1251
3524
4437
541
1272
3126
1985
451
1515
4931
4782
4417
142
3314
1891
2488
3714
106
2919
2445
3757
1244
3204
4015
1030
4331
110
3022
789
4733
3066
2252
4214
1857
569
2045
2212
968
3092
96
855
877
151
4413
136
975
2160
918
1802
4572
1398
3672
1921
4061
1444
3225
3403
4311
3157
4537
3899
1269
2687
330
195
4064
1178
1386
1887
2145
1672
2822
1478
3939
3508
2518
3266
155
4997
1718
3796
4234
2433
1576
715
3127
3252
1804
2956
4230
1441
1545
4768
3725
1621
4467
890
700
2944
3469
1936
3306
4020
3622
3416
3228
1662
3862
1866
3799
2442
1287
2177
4395
3106
70
3723
776
1437
1472
1790
2377
3217
2759
3715
253
3395
3869
4053
3139
578
4710
216
2195
3698
3231
1924
3353
1885
3675
1464
3043
913
4250
65
880
958
857
1954
3696
3870
1799
4724
1176
4366
395
2141
1157
1681
1009
3058
325
3977
2412
2799
2331
2119
98
1634
4866
3112
1317
2901
190
2728
2646
3067
536
727
1442
952
832
2713
1207
2067
3026
647
2701
3686
2796
3160
4446
625
1964
3173
1408
3364
1435
1414
3543
3787
3734
2775
4141
3473
177
3959
2388
3392
4284
2925
3641
4637
2200
3603
2952
3734
2592
3037
4284
1301
4034
2648
1621
4676
2493
13
2145
4320
635
3189
3494
2207
2262
3884
2395
1284
3612
487
1444
1632
2148
504
4765
4648
503
1303
659
195
4874
3976
1000
4290
3321
4137
4854
224
3403
2642
3208
2074
4306
917
4118
3302
4441
437
4503
2269
470
1728
3654
938
15
4263
4311
2898
2590
2059
2472
1523
3911
471
627
447
4791
3690
2312
4360
1324
4947
3933
923
3809
2413
1199
623
2344
4162
552
2317
3607
1754
1441
1575
958
2283
4262
442
1541
2831
2063
3413
3088
1763
4162
730
2044
4068
4484
2666
1225
1921
3343
3259
911
3510
4482
4931
4243
2573
3990
4763
633
3900
1861
1382
3409
4859
307
4969
4131
2372
3255
2107
3365
2363
4272
2820
2017
3094
1025
3319
4977
2284
4999
4873
3885
1007
519
3689
4993
227
995
2448
4650
2766
3028
2152
1063
4816
3022
3383
2321
4978
3264
882
2293
1545
2875
3564
2878
2401
5000
3446
3133
2963
4108
4286
867
465
3598
1602
2459
503
4397
1627
786
242
91
2861
3825
2914
4150
2875
4431
153
2796
3157
2184
2794
2356
2875
1075
3029
609
1936
3557
1247
2848
4745
2776
36
1766
174
537
3679
1764
3558
3635
1086
789
572
478
2280
3668
4926
748
4128
4753
1210
952
945
4034
2184
1463
993
1955
4381
1376
1088
2944
508
2149
3728
1880
884
1050
404
3858
230
2491
1722
2304
3198
4975
1051
4648
2255
4641
5000
3863
1641
4395
340
790
3276
4826
654
839
1356
1199
4781
3231
124
2882
1116
3803
221
4543
1733
1292
486
4674
351
4581
3170
524
3626
4033
1407
4989
2832
1271
4035
2921
3788
1416
4511
4422
3867
1813
2486
1186
1095
2699
3196
3590
672
3224
1976
3463
2531
3061
2572
3945
2565
1715
2434
940
1079
680
3006
1009
2561
4225
944
2012
4720
4119
129
4785
2473
36
4658
328
4717
3525
1426
4178
2118
4847
454
3019
3334
1779
1673
2944
988
4795
2939
2376
4639
4717
4683
2325
4570
197
2968
1297
801
940
2761
99
4272
4917
2505
4217
672
3652
719
4670
4811
3919
943
2539
2869
4975
1460
3838
1363
2413
4816
2848
637
2407
4103
4264
1181
1506
1914
4427
4670
2543
4151
3069
4096
3440
2499
2391
1128
2993
538
2657
4634
1249
4747
854
1209
4864
334
3532
1314
4384
575
3619
399
574
2362
4347
4047
3152
3110
504
3024
4047
1788
2815
2144
3868
3903
4160
4748
4187
4588
1659
1905
1020
537
2189
1945
2815
1151
3842
4075
2733
3625
2722
4717
3700
2891
3870
3419
1969
2686
1721
535
292
3616
3681
4992
769
3342
4004
3029
3868
644
2286
2385
466
3505
663
2982
3243
4694
4879
4604
884
3893
2220
4633
2871
1683
400
1415
331
352
3789
2515
2960
4323
2250
4401
2433
688
1117
659
1057
1172
4176
3369
320
3541
4358
1480
1662
3524
2052
2845
524
460
2738
17
1055
1666
1057
1756
4430
3916
1341
3491
4545
2284
1218
2851
1362
2340
2561
2197
2557
1865
1689
4218
1321
258
287
526
4990
2272
2625
3431
2622
3469
252
2181
766
2455
75
1217
2515
3891
1129
1159
4064
788
1347
1470
3924
699
4104
1148
4110
446
2266
1980
4723
3947
3405
3201
3187
2371
1837
4002
2465
473
553
1990
617
2906
4844
1591
3634
4421
1008
4489
1500
3282
4859
3745
2672
2917
1555
3871
4373
137
2051
630
2382
2830
1638
1073
4630
1469
3048
4846
2502
1928
162
644
4819
2285
2061
2558
2699
2826
4963
2735
4926
1295
1106
277
2814
841
306
4128
201
4467
2964
1633
1804
2188
363
3197
2271
4981
4332
4578
149
2602
1263
4614
1146
1806
1949
469
2813
1001
4857
4425
1237
691
1257
4721
2710
1999
2548
3812
147
1091
1908
1357
2634
3036
83
622
1653
1388
31
3366
1917
1062
4439
1901
3071
1813
2581
2101
3104
4082
395
904
2802
4525
3080
366
4463
961
1754
4734
1570
306
2372
753
3539
2127
967
3028
2673
610
937
3548
1287
4796
4491
145
2393
556
2812
4317
3822
2727
4585
2140
4205
3422
2047
732
298
253
3604
3060
959
695
2347
950
2685
2453
1406
4646
2939
2478
4028
4802
67
1526
3642
3761
2657
3593
1947
1534
1805
4950
3634
4389
2478
1606
2813
3250
2678
4491
2289
86
1514
2579
2218
3403
625
477
2617
1780
2
2881
1758
1056
4440
4258
1885
4822
2663
1284
3682
3968
1997
2527
4239
530
1076
3156
4978
873
3452
4068
1378
4045
699
1430
4096
1369
3958
760
1192
552
2079
3114
2679
191
39
2664
4308
4720
4538
4078
3001
1922
1095
2363
1248
4963
3823
1752
4096
2576
796
568
591
401
3297
3144
3295
4584
445
1901
3763
832
4681
4202
4856
63
1983
1721
4614
2278
3539
4527
3703
861
3587
4714
4476
1306
2472
4572
2365
2200
1941
4983
4431
890
788
2928
4076
799
1790
4214
1377
2980
993
4425
3305
32
17
3149
2388
1425
3353
750
2660
1169
465
436
3196
2220
4767
2094
4705
4425
592
1432
787
4287
2582
4158
658
1751
3688
2080
4098
3198
3031
4110
641
161
3077
3987
3566
3296
1909
1220
1874
2749
608
4272
4240
2996
4236
