3875
3490
927
2231
30
3343
783
1580
488
1449
576
2489
2089
1046
4964
4990
4157
2296
2733
4677
4949
4537
4304
1760
1378
2277
2725
3398
874
3755
2772
4069
1696
1476
480
4889
1704
4802
712
2684
79
1698
4745
3299
1199
2354
3036
1471
672
1539
238
896
1160
1327
4522
2723
204
4115
2800
1125
1540
2870
1634
3214
2106
4080
3217
1511
1467
4219
3099
2883
2652
4173
3472
265
4829
3660
1968
87
4025
4103
4974
832
2019
4243
487
2535
3531
4899
419
4233
4383
3111
4531
1271
2313
3222
1601
1489
3975
3115
858
3275
1093
4658
3670
1995
1748
411
1582
768
3119
3390
2437
2364
1960
734
4064
2315
4071
2998
397
2610
3555
4166
3495
3216
4998
454
4367
3991
2740
512
4044
2235
3084
1122
4540
1417
2037
2593
4808
1145
4914
1463
468
1669
3598
3270
691
1087
4392
2738
750
550
4032
3467
3582
1217
3031
456
1461
4489
3746
1652
3217
339
3480
3051
2593
35
1071
2926
2477
4610
10
2058
3825
4257
2621
4869
90
1691
2462
553
1823
1470
110
1198
1241
2738
1334
4500
2178
848
1202
1669
3305
379
1257
3591
2053
3098
3066
1920
1741
763
903
2208
494
169
1701
1874
988
1127
4050
1218
2550
2587
2109
399
4126
4147
2066
1586
4351
1674
2851
189
677
2219
479
4757
2647
4732
3646
1144
3104
3941
745
719
4433
4542
446
1300
945
52
2387
821
2357
99
2638
3799
4943
2405
2363
3323
1482
4641
788
1827
1939
2748
1362
989
2242
4939
2915
2807
3774
3190
3017
2977
3300
2863
4785
3558
3313
480
3208
234
2482
4344
528
204
1194
86
1
1477
1052
3012
2247
3959
1485
2684
1714
1599
2803
4790
4441
4307
704
2624
221
1244
2078
1476
1852
2557
2532
4277
4483
849
519
3153
3922
4640
1793
2952
2956
906
2126
2675
1291
4994
4409
525
2528
2499
1747
4709
4208
2886
1172
922
2679
3994
327
1013
2145
3906
3858
3625
4219
2578
3563
3830
3334
3730
1339
441
4
4465
886
1310
4129
3426
2641
1174
3946
2770
1899
3792
2777
647
1708
1747
398
330
2639
4258
2583
3605
2651
2286
536
1822
518
1039
1963
1306
3553
2771
2233
1410
3310
3189
4927
1176
4276
895
2682
914
1545
3559
2002
86
3734
2245
3690
3844
2711
3571
3189
4007
112
3707
1835
1827
4368
3308
2873
2504
3729
957
1692
4541
4693
168
3894
3117
586
1696
4399
3253
2983
4506
2133
4995
3780
4871
4163
1568
1565
4224
629
687
3447
1936
42
1539
3473
2334
193
4716
4940
2623
2964
1778
3331
2367
2087
752
4883
2289
1065
1058
3044
3978
4001
1054
541
10
2977
598
211
1890
2655
228
2490
78
2070
4949
258
2659
4057
1750
4075
4666
1344
129
2280
1931
4553
49
2296
1594
160
360
3056
893
3478
320
1913
36
4197
1575
2392
3207
4281
4328
3984
3971
4072
545
273
917
1339
4311
2564
1828
4890
3683
3917
939
1963
3704
4103
2340
4796
2265
1067
2741
1716
3639
2936
3758
2573
3889
3659
1857
1356
3994
433
712
1479
599
4472
3275
1469
3277
3433
1191
4417
2510
1760
4286
2343
2149
1506
2333
3805
4045
109
1593
3315
205
1003
3657
483
174
2302
1487
3153
882
1749
4974
83
2847
2798
1092
4937
2418
2369
3921
485
1132
2267
774
1412
4936
967
3535
36
3162
4950
2513
4739
3961
4272
3092
3069
3741
1593
1313
870
617
1740
1644
604
2137
170
4658
4990
4845
1188
644
759
1948
1180
1866
4250
3033
3864
4209
4559
2489
703
3693
661
1866
2353
3478
2821
4358
4298
335
1645
949
3879
322
1186
2046
14
2021
3900
790
3026
2311
573
3766
3093
546
4762
3513
412
3467
2200
2379
2878
1149
4199
1186
597
2913
3834
345
4994
2593
2933
2312
4612
728
549
1052
3418
1435
3251
3997
4388
3338
2121
3818
973
3255
514
838
3971
1597
3510
1478
4173
2569
499
4985
1251
1524
1452
1582
1402
4023
2398
96
2309
2134
957
1517
1372
1485
4323
1322
2160
3765
4137
816
2956
4623
380
2026
3965
2783
4825
3740
3515
3298
680
421
3637
32
524
2485
280
482
64
1087
1041
188
1843
2144
2925
3596
205
4189
1135
568
4671
2032
3290
4884
4846
1644
2955
2257
1121
2820
208
3894
350
4183
3066
1107
1456
1430
2886
1424
3675
3100
407
2226
6
3781
4782
734
3407
4479
4202
3532
4890
2643
3655
3724
3186
20
4083
4492
4782
2390
1156
3351
4029
312
547
1518
3001
962
4043
163
1728
3111
2089
921
1949
1948
4389
1749
3043
4158
336
1087
3266
1520
2692
1281
1943
2898
3623
1230
4744
3178
3591
2532
485
3398
3934
3018
2432
392
3071
2610
3357
608
2311
3711
778
1629
3660
1488
1968
3532
673
1123
1079
2806
623
3818
1221
1878
245
2857
2088
2808
2361
3397
3982
3643
3644
902
1500
127
2386
173
1844
2544
3047
1390
3188
2160
2530
2775
3893
4456
3325
3239
4905
2591
1834
1135
2700
896
3447
2844
2892
1553
3539
1842
1441
118
1446
3482
197
4745
2956
4508
4971
1621
1722
2597
4539
606
2615
3890
1948
818
2220
27
3409
1898
4556
3128
1805
4841
1940
406
2822
4403
2587
2523
4564
3055
2995
2469
4131
4549
4317
1703
1708
4960
1001
988
3488
3469
4483
2777
3557
3170
4558
615
301
1535
1213
781
4430
560
252
3666
45
2296
2091
1632
177
2990
3043
3866
2814
875
3614
4799
3446
970
2194
1147
2121
135
3542
405
1638
1032
3364
659
3903
3262
3453
3735
401
4188
2999
3181
1641
4118
4042
3010
2415
819
205
1926
4806
4604
1086
2498
4801
3482
935
282
4711
3571
2785
3684
904
4756
412
4063
1390
3224
2148
2564
668
2503
606
2344
2810
295
1152
167
2998
119
348
1874
3643
1806
3228
4866
4382
4096
4167
1370
4139
1537
3202
1472
4532
599
1424
2907
2066
3179
3714
1822
2185
2608
4047
2331
1992
2026
1909
1393
3894
2672
2765
1639
3046
4083
1866
2509
3355
2196
474
1265
4764
2761
2411
1199
1744
2111
407
4232
195
3057
1528
1436
2743
1871
2804
3375
1899
751
4121
4951
3063
3024
3505
4499
4669
1977
1431
1805
1153
4118
3360
4729
1618
3619
1075
2107
4550
4742
1672
4492
97
2528
1772
1982
4558
1732
2779
2483
4572
4751
1796
4657
3002
830
2025
2240
1898
2138
4859
1849
865
2286
3809
4361
509
4247
4170
51
797
2699
2357
4521
1748
3626
2088
204
4990
4464
4318
590
4233
1248
1047
4199
4253
4530
2275
3677
4956
4317
4046
4617
946
4317
4166
96
389
2989
4232
4855
845
4022
2614
3510
3109
3734
2483
1518
4656
2857
60
3866
2004
3483
16
3593
2538
3228
649
3282
43
1298
2569
4686
4604
4513
93
2320
3930
686
389
2352
4742
3327
2657
1739
1194
2196
1213
1540
914
2457
2077
1870
1804
1937
4849
327
31
2188
3074
1535
4511
2721
3370
2566
2391
2908
3576
3592
1716
1945
3841
444
2073
54
727
4088
285
1076
1166
2991
4566
4423
2905
2443
537
4577
3737
3994
670
1538
4246
2132
120
3594
2899
2602
1243
4933
2237
4529
3700
1254
1956
2437
548
3979
2369
1350
4413
4535
3918
1877
3402
1882
856
1687
3651
1259
120
608
2310
3998
2901
1049
4502
3182
3323
1779
4304
524
4982
2353
4809
1484
1391
1273
4848
2991
2509
2043
1450
875
2941
2576
3840
4084
2875
2035
2018
4855
4910
3659
3447
1
1111
983
4482
4395
3489
2144
4902
2377
1786
4954
4986
2773
1305
2930
3926
4480
213
4072
124
634
2188
3007
4943
108
3024
408
3910
3421
2459
3770
313
4945
1788
4940
1123
4507
2023
2792
1438
3228
4809
1666
1625
4201
1545
183
1669
4944
3400
3366
4579
3563
4769
1665
3767
3899
3113
396
56
4501
3663
1701
3661
3848
3861
746
2168
1773
2405
4117
3182
4581
4068
99
3725
846
2153
4584
3197
1438
2310
4244
1863
837
1070
440
1080
207
3821
3601
2438
1823
1459
652
3089
1365
1192
3624
3507
4857
4241
263
4696
3109
4961
1036
3854
3645
2016
2997
1126
2466
1991
1642
4664
1162
194
764
3122
1042
2684
2694
2530
1428
1693
4735
3359
4080
4583
1710
603
1687
2876
2900
2507
2962
4825
4253
1429
3271
198
2342
856
2204
1108
4656
3735
617
308
955
3742
2490
1102
4579
971
1539
3151
3102
2429
3833
4273
868
432
4759
727
509
4999
4942
397
3078
2312
459
68
2420
11
2268
2195
590
283
4771
974
1494
1090
1641
2259
3928
865
1459
1600
1594
4061
4944
4710
3786
4330
1409
3584
1683
1860
4687
2668
3791
1752
3472
152
3829
2440
2762
3238
1268
4683
758
1792
1894
4288
230
1435
1814
1044
2734
2992
4633
2678
1126
2934
1744
1754
4997
257
3524
1202
3671
2934
3768
3918
1200
1443
451
2589
2759
3803
666
697
2571
2776
497
183
3793
3863
3771
3484
1755
279
4517
1032
3713
169
3111
1710
4300
2457
3130
834
1509
3939
2834
1657
2034
78
2708
2684
745
2092
4401
4652
2667
2127
4121
3191
786
4973
3369
1097
450
197
669
947
811
2976
173
3344
1925
3968
516
2202
538
579
3099
153
1367
1464
522
2163
4762
1008
2424
2836
1373
318
85
640
4505
2911
1278
3324
179
1906
1161
3624
2755
721
404
4190
3231
3302
3274
4844
892
3278
789
1622
2421
4785
1636
2092
1025
2567
2094
2506
3969
2796
4973
4434
3086
3308
3372
747
3431
1543
1497
3685
4969
2614
4579
4882
756
99
2268
4855
556
1868
735
1328
3277
3009
4506
4126
1294
2553
2701
1100
3678
2248
4841
109
2306
788
3378
1160
2244
4034
3901
364
2013
2941
2162
4227
771
4199
818
754
379
3494
305
863
1696
160
1157
1746
3321
1750
4004
3132
1519
1780
3506
4786
4699
1103
2800
4650
3492
1237
4277
131
4967
2632
3545
2497
3180
627
332
4191
535
611
3555
3691
3149
4910
1075
3342
42
4719
1635
4872
3817
1295
4574
4399
2835
405
3638
2305
3718
2871
1026
652
1487
2670
2664
1981
3552
486
2795
3981
2778
714
629
4845
2467
4268
1710
1627
4145
4610
2059
3066
3885
4257
3855
2662
4313
2726
541
3661
3002
3776
1530
1590
4885
3423
4711
2093
3893
3711
4037
4581
3315
3869
904
3700
3164
344
2836
3546
3143
4713
2906
1441
4068
899
2267
2694
1861
3371
4403
4934
1216
2080
95
4033
602
291
4223
4050
2453
2200
756
2357
4586
611
2450
4143
1847
1276
2527
969
2114
3739
4354
301
3828
43
3724
639
159
106
938
3700
64
575
4904
4886
4405
2563
1374
1861
374
1680
4791
2239
3079
356
3357
4176
1660
2110
1046
266
604
952
1689
3510
1735
3603
2977
1825
2759
1493
1504
4896
218
3061
1837
4059
4741
1829
1486
1525
4674
4367
4134
1753
2115
3961
312
3310
284
256
937
2932
836
4632
809
853
4020
2521
3154
2964
4790
3955
4447
3672
182
1603
2310
2985
4116
1315
4494
4794
2664
1717
4977
853
4596
1120
3506
2233
197
1433
856
3335
2786
915
3961
4008
4331
1743
2191
3376
3994
1116
3158
926
3901
3343
3507
4449
3265
579
1686
2900
2160
4443
1840
3186
1268
2458
2045
1090
1745
465
3019
763
3278
4489
1121
4920
4524
2036
304
2126
3909
2160
2885
273
1445
3235
340
3458
708
1263
2942
4843
434
2903
4556
2336
3937
2936
4320
23
4686
4593
4266
2104
176
4666
4449
358
2591
3136
1078
2956
3485
2047
620
4457
208
1326
1026
659
3750
910
294
