4871
2533
4984
2710
276
2847
2598
4032
3807
607
247
4959
2653
2323
1434
2353
1239
1673
526
1628
1374
1722
4905
1779
1448
1631
22
482
2601
2343
2285
2741
3066
4031
4030
1325
3742
2007
213
930
4047
3211
1775
4537
3493
3399
867
1767
1190
4794
1210
379
1270
123
4655
151
489
2895
4360
2184
1676
1512
2674
3417
175
1406
119
1267
1588
1554
2387
1432
89
142
731
4194
882
2254
3460
4816
1359
1761
1065
4066
100
1295
789
1511
3187
2644
1068
453
1411
4820
1726
2441
3620
4508
964
3242
48
2135
961
914
1867
2566
985
4244
3956
1606
388
495
3689
2630
987
1249
4742
37
3858
772
4110
1008
12
3843
960
3225
3242
2861
2707
1008
3924
1681
4857
2766
1597
896
1719
1853
1530
2166
1803
2953
4803
993
1516
4433
1849
56
3718
2093
1694
3348
3979
3969
3511
3721
1338
1209
2109
3614
1250
4194
2975
1448
4135
4655
4712
2787
2380
905
2055
3392
895
3653
2722
2231
361
4298
2865
2639
2282
3560
1609
3544
4600
4345
1558
2807
481
2426
3758
3466
1531
4787
1717
991
1235
4714
4075
4017
4674
2892
4151
1779
3305
1820
1175
2722
3686
89
469
4726
732
668
1339
4665
4183
2727
1591
4214
1101
4110
3311
4675
3749
2849
814
4519
4315
392
909
3612
2338
3589
4658
3565
16
1045
515
1864
517
351
795
957
4027
2778
1716
573
1263
283
947
44
806
1436
2799
2807
4504
2374
1474
1974
200
823
4318
554
4642
452
1400
79
3795
760
3447
4691
4908
1234
789
4373
1511
1819
3085
2222
3320
581
1699
371
2188
4156
1191
4112
4429
424
3769
4390
1187
1193
862
4829
3988
25
1057
3114
3796
3733
1450
4282
2557
2860
3050
4108
1472
3862
4796
1443
3346
1509
3981
2305
2472
2791
733
1629
2138
1249
3700
3389
4779
2597
3157
2204
350
1540
1725
1213
2954
1365
3340
4685
4391
3068
930
3468
2686
4850
211
4300
2581
1219
363
1744
1368
731
1506
3030
1392
3192
4817
661
1504
3227
1683
207
698
2502
3556
2816
4949
2598
1221
2860
3242
602
2501
3092
1746
481
4905
4409
2553
392
3292
2375
254
4017
3647
851
4168
981
2930
4285
2698
2227
2504
1086
4319
2757
2607
723
1950
2393
3165
2479
78
2446
4363
3556
1834
1866
2958
1763
1399
130
344
1542
3201
3506
1019
4861
3697
3520
902
437
4329
941
493
146
4061
4611
188
2470
283
1519
988
4583
4795
4776
13
2660
1472
3590
2930
3816
3261
4163
3087
1077
4329
2821
1205
466
4362
2593
717
2893
661
4537
1984
4049
2132
3719
2597
4857
2709
4143
2459
2258
218
2120
4249
2557
1875
787
3269
4249
3605
3970
2266
2693
2958
4106
1823
1556
1565
1945
3623
3446
2606
4543
235
4221
4516
1025
1345
204
2269
2153
4952
2178
2825
2839
2833
1565
