1141
30
1912
3247
2523
3105
4452
2671
2796
680
1229
324
2333
2924
4403
3173
2933
4169
3443
1434
28
2924
4804
2094
742
3036
756
300
1152
4442
4997
611
3071
530
1292
4435
1309
1882
1997
343
3590
3000
3786
1746
332
2294
2979
4380
4944
3375
1669
2189
2378
992
1781
3694
1949
2306
3732
324
4182
2844
1554
4494
988
1418
3348
3660
3511
291
1487
4231
2922
4892
2676
246
4426
3096
3460
2132
1510
2817
3348
2108
1207
1341
4032
160
2807
843
400
4138
2867
789
4591
1019
2883
3038
1576
3994
190
1667
570
3634
353
4939
3675
695
1614
1801
6
2510
1519
1782
303
3594
4138
4697
954
387
2795
2057
489
3814
519
3558
957
4330
2213
3733
2578
303
1165
1227
3381
1742
1082
1367
895
3589
2993
4946
1888
3146
922
2951
1030
2877
4547
861
78
3144
3834
1442
4543
2432
2689
2095
868
4851
2849
1096
2776
1489
754
4970
3409
3060
4542
101
4439
3986
4499
1202
403
3679
1319
108
642
2126
4468
4760
4498
2175
747
1518
617
295
66
4527
2099
2149
2368
4255
2402
2048
1205
722
1325
1604
2677
4824
3971
4996
1675
4234
4935
4958
1472
4876
4835
2052
3531
4899
4343
3975
2231
4566
3776
3412
2002
895
2387
4528
3826
2481
1337
2493
1088
1968
1970
549
2654
4558
4013
843
890
650
1283
1855
2171
3552
2065
3544
584
1646
1444
2425
4494
2090
3260
1534
3936
679
3683
1830
2630
2822
1269
1376
129
1263
4008
2791
4138
2839
3923
3944
392
1569
4960
1049
928
2960
2579
3041
277
208
1810
2036
807
730
3268
2110
4101
2462
4084
3733
2029
1072
1062
2000
4432
4941
86
532
713
3485
3669
1139
1588
4568
4989
2021
2857
2219
2826
4105
551
1282
2936
4410
619
2197
1545
556
2769
989
1614
4789
3975
2981
1683
2750
3550
3755
3317
362
3978
638
100
4484
4631
2607
1731
2602
4756
18
2661
1910
2537
1667
1752
600
4170
67
4283
1975
3483
947
272
3607
1971
2053
3804
1442
2115
2656
3316
4265
854
954
72
122
2872
4149
210
849
2001
3612
1173
3936
4329
1740
3343
1161
1539
2486
993
3664
2372
3145
1051
651
2818
3530
907
3827
1438
1365
4100
2883
2204
3586
305
493
1624
1083
1649
122
3105
218
1122
4400
3112
3837
192
331
3143
3484
828
3246
3371
527
751
1545
339
4409
4646
4362
673
1921
3709
1445
2910
2430
2334
1383
4439
3496
385
3724
1948
2836
4291
6
1301
2902
3257
198
4789
1565
4275
3410
1249
228
2523
2512
3543
2909
4781
4239
2937
3374
2575
3106
3665
4693
1487
5
4636
3477
1282
3160
1993
3873
3697
257
3601
4398
203
772
4462
146
3063
3220
5
601
2864
3744
3934
4364
4481
1681
4248
3321
913
2640
3288
912
4070
4826
576
770
763
5
4401
3738
4819
2738
