2174
3085
5
2849
3119
4787
2944
2036
1561
4097
3746
2298
838
1271
1559
2821
2391
1126
3240
1975
2196
3043
790
716
3681
193
4831
579
4561
1114
1622
4101
4519
3335
1239
3916
1591
3490
1343
4037
4961
1547
3792
4886
3166
4120
1178
4960
3112
1250
1547
4613
2838
3054
1000
586
2357
2249
4121
3310
1807
179
2864
1681
2400
3245
4362
1358
1651
90
212
2952
4497
1049
4230
1432
825
16
1299
517
1360
34
4263
4929
3995
2890
527
3763
296
2493
1020
87
2664
4820
3463
951
2687
1503
1734
2789
1890
1714
1053
2446
887
3131
1029
664
2840
1665
225
2484
432
4902
4275
300
251
4950
4563
2621
3162
277
4392
3654
2700
4388
1660
1479
1662
4773
3779
1530
1716
4210
1540
1973
3517
3137
1902
806
4066
378
1636
1125
1398
2478
1737
2268
3439
34
2236
2754
2139
674
4357
3107
4588
4982
4965
921
484
4223
585
3022
4177
4234
2896
711
3161
2651
824
4666
4582
75
988
2928
924
3275
304
3827
1453
1366
4042
3704
227
1074
3083
4846
3766
3895
4316
781
2393
669
4137
2152
4009
4266
1305
2394
1981
2498
99
1044
3926
4492
2009
2229
680
3235
1584
848
3519
4530
470
1969
4043
3574
138
4031
1908
936
3320
787
2301
1576
2682
552
2820
4354
4951
4184
2128
4636
4815
3404
1362
302
4107
3748
636
248
2257
4835
3532
3318
3143
3556
4361
3807
3755
3711
220
649
4233
4180
4056
4375
4251
750
2891
3827
2658
1568
1210
3747
4564
3107
584
1143
1507
1574
3943
217
348
1180
796
2843
1212
1513
4615
4740
3821
3917
2032
4507
4439
670
1323
2585
3390
4882
1604
395
3570
4458
3667
1894
2834
2200
1409
3921
3424
690
3401
4045
519
4683
2487
2208
4199
2608
1908
1797
911
3152
3863
1308
2490
851
724
1368
2850
4724
185
1804
40
271
2524
4637
1905
1178
4414
1010
25
1431
4522
2830
820
448
2029
796
335
4386
575
3074
3403
2018
1593
2550
1818
1922
1029
1411
2960
340
361
2701
4002
493
2179
1168
1362
3603
4445
4732
2136
3375
170
3427
1154
820
2567
4121
2044
4077
2194
3579
1032
986
654
592
1303
4739
1229
3066
678
2475
460
4462
3986
1942
1986
1303
2515
682
1680
2326
1724
137
1393
469
4553
1749
3923
2878
4759
3019
3797
1736
182
976
3078
2610
1754
550
2364
4358
3493
4375
3362
239
4255
2448
2623
3386
94
3119
2774
4008
4373
1973
3352
1050
4768
613
1955
2379
4222
2794
518
1393
622
2420
3162
2884
4650
2979
3498
1533
4358
2770
3067
2960
4049
4349
1092
4866
2138
2115
4279
4770
651
2812
4861
4923
722
3051
2870
4784
4426
4588
4286
1503
3966
4423
4984
871
4502
2939
239
3769
2408
1515
415
4905
2200
3348
3912
2965
3511
2092
4675
3853
4055
1028
2906
1009
1324
719
