1917
3352
1
2307
3066
5336
2648
1493
1048
4552
3856
1893
1223
1647
2145
2908
2300
882
3797
2071
1846
3324
764
1006
3947
712
4677
614
4032
1680
1336
4367
3915
3368
1461
4002
1503
3704
1307
4318
5307
2080
3758
4932
3340
3591
1156
5258
2552
1245
1992
4527
3427
2659
1147
954
1798
2408
4143
3571
1602
83
2534
1924
2531
2794
4835
752
1491
642
22
3337
4083
461
4326
2052
1045
1
1362
75
1304
514
4148
5455
4328
3145
166
3203
126
2217
896
1
2883
5392
3027
698
2580
2060
1825
2271
2408
2310
1199
2534
301
3702
1540
861
2227
1864
704
1939
187
4941
4487
487
771
4644
4003
2690
2687
301
3982
4204
3276
4059
1092
935
1278
4866
3320
2033
1753
4352
1823
1564
3787
3113
1297
205
3682
595
1730
576
1788
2747
1698
2164
3721
1
2247
2896
1613
573
3784
2639
5070
5066
4964
906
236
4819
765
2712
4056
4620
2958
1237
2581
2750
1076
5145
4220
1
1347
2852
1284
2990
859
3856
1271
1581
3980
4254
614
1499
2672
5142
3658
4176
3788
316
2067
275
4058
1885
3863
3971
1034
2064
2562
2677
496
562
3391
4637
2503
1610
540
3133
1268
1312
3529
4735
967
2007
4303
4033
1
4143
2377
363
3905
591
1775
1923
2499
281
3017
4428
4441
3906
2401
4304
5049
3732
1036
716
4274
3702
281
725
1784
4487
3242
3022
2813
3164
4461
4115
4313
3473
68
406
4567
3590
4202
3968
3633
629
3287
3495
2119
1406
786
3325
4387
3643
302
857
1242
1430
3376
431
651
681
876
3370
1511
1748
4436
4752
4347
4259
2066
3930
4877
649
1329
2563
3895
4344
2116
555
3557
4651
3474
1933
2910
2451
1459
4272
3793
887
3532
3639
1139
5215
2649
1716
4722
2524
1453
2039
1127
3283
3604
1340
2731
1387
872
1773
2655
4841
558
2340
23
153
2784
4464
2114
1656
4811
777
1
891
4968
2802
1269
485
2577
802
333
4481
194
2911
2826
1588
1612
2419
1531
2350
1426
1915
2964
676
784
2230
4121
249
2480
771
1619
3770
4200
4962
2160
3431
55
2895
1753
1028
2920
3984
2520
3610
2695
3427
1509
734
119
811
1118
5070
1458
2896
495
2939
803
3864
4468
1794
2160
1856
3061
369
1377
2878
1603
395
1798
1062
5074
2063
3505
3446
5293
2546
4343
1933
587
386
3299
2413
2089
656
1924
4758
3046
4851
2792
1
3800
3058
2956
3247
490
3130
2518
4201
4294
2564
3876
810
4709
381
2174
2434
3858
3134
934
1220
369
2892
3682
2671
4969
2855
3127
1439
4479
2578
3550
3480
4050
4712
1318
4586
2092
2727
4273
4773
1145
2699
5412
4664
634
2472
3285
4930
4114
3981
4477
1362
4565
4512
4682
400
3985
2641
111
3898
1920
1404
24
4523
2804
3288
3452
2698
3494
2463
4443
3870
4268
1181
2479
1064
1683
821
