3867
2246
2148
1336
4238
3601
3184
4831
1250
4777
3072
2028
1187
2024
666
3986
1887
4419
3604
4773
2051
2085
325
2171
3666
3775
551
1543
4950
1171
1343
2785
228
1779
3059
2958
2636
1014
4642
278
4391
1051
3551
1032
2871
3684
3998
4903
793
1772
2549
1968
3245
1705
276
2073
4684
690
2405
2883
2977
4497
4404
4969
481
4825
2679
742
4410
3168
382
2130
2767
1134
251
2437
4777
4588
4987
3066
607
1350
2772
3429
639
609
4300
821
1010
3476
2783
3402
3035
195
1081
2863
4368
295
1072
3993
3951
670
1987
1061
354
1417
1373
2109
4763
1440
3306
2427
2976
688
311
1260
447
1205
622
3655
3746
1327
3167
163
4340
2753
1024
91
3082
3660
4270
1645
1475
1032
1849
358
176
4932
2811
3631
908
2424
2881
1115
1524
3129
2280
4598
4719
3277
4584
1079
2470
4666
4780
1982
1997
2067
1520
2510
3112
474
793
739
294
4639
1288
4077
1353
1375
1399
859
1452
3324
4977
1089
3043
987
1006
3130
413
945
340
2189
4085
1853
1470
2843
1980
2313
1849
487
1000
2689
4897
804
1352
1345
808
290
3413
1970
3239
3681
2123
3077
2595
468
821
3134
3273
1399
747
4722
745
4193
2591
3688
2966
4466
4739
2012
971
1685
2668
2239
2623
1855
26
3807
1394
2542
2869
1725
125
506
1545
3065
4429
830
2658
4984
2233
503
4744
4758
871
4324
2060
4236
4986
4788
240
666
54
706
1347
3245
514
68
1130
4426
3884
3031
3408
2064
1048
436
2150
1794
2985
4062
4667
4802
230
4217
4052
671
3374
1716
4988
3503
267
4111
4749
653
1043
4509
3725
124
3897
4083
1194
2385
2096
1303
1181
3964
2736
289
3354
3303
766
2020
2462
1325
3480
2517
1079
4316
1942
4667
2095
4683
3202
4061
4457
148
4248
2527
1058
1610
4318
612
4345
2420
2669
2084
3582
1056
2045
1296
3350
4072
4268
3320
845
2832
2128
3180
4930
493
3487
2575
3446
823
1334
4613
2324
4671
4151
3502
2138
1641
2752
2975
1815
1795
4474
2968
2
4587
2912
240
3697
3669
2939
1171
2759
1594
4044
236
4603
1138
3954
3674
2776
3482
879
2167
295
4950
1518
131
1230
608
1567
2717
2484
486
3530
4074
3785
1055
1383
4339
3346
2662
1348
227
4852
2477
358
4286
276
1907
4501
3259
4492
2174
45
4347
4312
2993
1031
4487
1916
3471
2396
3076
2320
2685
578
4442
2516
339
3987
552
467
4555
1317
714
1908
560
1485
1835
1563
3192
3730
2426
3476
658
2320
2065
248
1368
4817
1776
510
2022
4789
3782
4859
1512
1883
1632
2737
1103
4589
4048
2475
4173
920
4399
2879
211
833
130
1978
1234
2040
4888
1199
2799
2024
4385
1152
3804
3660
1240
2667
3877
3211
4994
2597
584
3229
2237
2474
1164
932
2169
2795
1010
2491
4185
1605
3183
3602
1971
4424
4199
1087
4291
2757
2979
2125
4707
4463
3051
2361
1734
4434
4676
1703
1216
111
11
4297
63
2365
3360
4672
4188
2713
1612
4392
4618
3854
2618
2312
3726
3013
937
1855
2045
1166
3247
2560
3272
269
3847
1414
2154
2581
4844
272
176
2271
739
837
360
1772
3157
2449
3450
4966
2986
2198
4649
683
4862
2835
611
4849
4823
4048
516
4459
1500
4871
4759
2642
4359
548
2900
3819
908
974
3154
2839
3719
4115
230
3086
1873
2335
2186
3771
451
2693
911
539
4345
4452
1938
21
4337
3283
794
4914
2745
2764
4911
3646
2323
3580
2717
1421
1787
3017
2038
3150
3775
4370
1035
603
1518
4842
4947
2526
994
2829
4066
798
333
4593
4163
2095
87
3654
4598
1629
4517
4510
1722
1625
611
1477
2387
449
3699
2833
3237
2940
4251
3970
2926
3011
2011
3491
3895
3785
1172
543
260
2099
1465
1132
4311
4401
2209
811
2920
218
2674
2085
3879
2035
191
3631
2992
4313
155
3302
4797
857
2699
4459
831
438
1208
2640
3646
4315
4058
4593
2531
357
4733
3004
2548
994
567
3232
4760
2619
3223
4993
2422
1077
632
1802
4538
4115
1395
1592
2144
3054
3704
4238
4054
2821
2877
3531
3790
1356
3564
3557
849
1561
4961
3913
1084
2057
3978
2943
2590
503
2645
1226
3312
1181
3124
3622
3339
2033
2971
1968
133
929
4096
4321
4492
4718
3138
4347
1920
452
2259
4785
2645
3320
1142
187
2622
3048
3992
3207
4675
2718
602
2376
1723
4581
4165
2955
1114
602
1596
453
4260
195
1253
3661
1703
1859
1208
3080
2973
3532
4278
1575
2375
2842
442
2250
4730
2326
131
2416
4245
4177
3031
3308
1977
2916
3105
225
3247
2102
1900
1758
1429
1797
1486
3619
2953
1835
4829
1714
427
3026
4148
3950
4287
1240
4479
2414
2416
3068
3602
1314
1350
654
2085
1797
1360
3978
4010
3657
2010
2781
461
3477
152
4150
2459
514
3216
3822
675
3617
4772
3256
583
1710
1637
3745
2035
64
3376
424
2061
2358
4260
1670
1987
4082
1346
2199
2735
4129
2051
415
2086
3481
1789
3182
1516
4626
1230
2988
4713
901
1527
2188
3886
2039
3449
836
1216
326
99
259
2044
2818
1793
2114
3505
925
1070
2755
4792
1483
4091
4949
4310
4994
4461
453
4513
1459
3082
149
2134
3638
996
4648
1161
1673
2852
2987
3045
2842
4231
1782
15
4208
188
185
2982
3093
2132
2399
478
2958
3176
989
511
2169
4222
4075
3674
4733
2788
4353
84
4045
1355
491
4601
2685
4308
3205
2330
4147
1862
4864
1622
318
2253
1250
4989
186
2956
4977
1447
1322
3260
4865
2577
1572
3506
4192
1895
416
2300
3009
1579
2521
3876
2749
2164
529
4187
4955
1199
969
4711
2736
4162
4822
125
3967
1819
244
6
4091
1316
3783
390
1647
3546
1348
3712
3836
1481
3429
2019
4939
1001
2713
2303
3574
2692
1655
1704
987
1788
3492
2641
2896
361
4375
4882
959
2969
3916
3027
3139
2174
997
3294
3089
755
1826
4528
3936
1622
1074
863
3689
791
735
1789
2854
4759
670
3483
2678
1602
4124
1270
2567
1725
3449
2486
411
520
2368
3081
747
652
4693
2452
4710
3949
2853
3346
2883
2200
3049
4018
4161
4582
2586
4148
3150
4023
1126
4564
277
319
3937
1302
1838
493
612
1567
1273
4078
2338
1914
746
853
3373
2912
22
3358
285
2758
1476
2550
4808
4826
4637
2596
1011
2678
1612
787
4919
4787
3527
4685
3260
1071
1891
1697
185
4839
4387
2989
3977
2629
4016
2659
951
4778
386
3824
3386
444
4317
3032
1697
4361
1996
667
1096
3826
2154
2283
841
2033
1443
3899
3587
3650
1319
4113
3990
61
4103
804
964
3706
702
2830
626
555
648
514
1252
1197
2517
1974
491
1494
151
3810
4898
2888
2303
4359
804
1372
299
1865
2704
4864
4291
3733
1189
977
1639
2963
4237
4617
1170
132
2509
2865
2049
3516
683
4983
28
416
4407
2937
1556
713
218
3856
27
4231
4273
542
1982
3463
3826
3975
1518
3837
909
3755
3522
4442
1219
3018
53
3270
3106
3214
3870
3622
1727
3092
67
3583
1059
1490
708
3192
2990
586
3230
2108
2662
4565
1509
381
785
1769
1063
1106
2549
4747
1768
4257
431
429
3088
4189
1928
1529
454
4560
81
723
24
2041
1056
1962
1536
2095
2760
4822
2048
4004
4245
347
3150
3803
349
2117
1136
3050
3887
106
1857
2640
247
4770
1626
2823
2800
2153
497
1547
3512
2660
2421
4056
2375
3535
4070
1695
4727
2837
2465
2897
4965
3527
3826
2066
3286
2291
4608
1359
3202
3070
4325
2368
2220
698
2651
4526
1888
217
3191
341
2027
1335
2176
1683
1182
2515
1904
4710
3395
4741
3138
3362
3686
4897
3354
2872
3508
3243
800
2504
4615
409
1324
4111
1127
4372
115
2457
3946
3094
2984
328
3828
1620
1555
74
3039
572
4205
4470
2260
3488
833
4959
3072
1378
3717
4127
2312
1205
62
1557
4332
3826
4095
4183
3759
4671
1778
1016
4052
897
252
4042
2298
2475
3853
2565
4193
1612
1885
3926
3467
1005
3136
4640
2603
3312
2490
678
2992
3034
3739
4622
1866
3632
4180
4823
4444
2085
3720
467
144
2874
179
2077
3781
2212
1518
4508
3660
898
2792
2470
4726
3484
3950
4661
4799
2268
2179
1565
1910
984
3688
4883
4050
4277
3541
1471
662
397
3061
306
229
1074
4310
1192
1806
1968
1662
3015
2288
3334
1055
4886
2150
1637
2491
2758
2893
159
1279
2644
1281
2993
3244
2804
4427
4841
3945
2711
1741
4159
242
4485
4979
2752
2604
635
1275
3734
2357
3430
3013
3880
448
2694
1700
104
4263
1348
4283
216
2735
3363
2473
3867
2623
2650
4500
1794
2144
4239
4409
4500
3565
1477
290
323
2756
4375
2221
1470
3084
2250
4860
3601
972
462
3431
886
2410
2765
3147
2935
1417
3506
214
1040
4824
2619
4543
3617
2850
3871
1146
4362
3712
4968
3178
4653
4488
1410
2173
1903
4329
1361
3259
2847
3228
1142
1119
1333
4036
1643
4900
2524
1166
4498
2712
4343
3802
489
724
2679
735
984
4321
4251
3754
3992
3331
3717
2039
4421
4434
3412
1622
1845
4524
4948
4927
3799
2796
4943
3382
1436
4686
79
447
1617
799
880
4482
2867
441
2490
2527
512
3124
2941
491
4908
3126
1771
4873
1497
1868
402
3714
4629
1102
3102
2501
2120
4086
1986
502
1458
1369
1856
1210
1185
820
3924
4113
1712
4927
4652
3539
697
69
50
1291
2948
4242
2544
3758
1069
3763
1314
4380
2873
169
1303
4974
1672
3269
3072
3030
1988
4197
1567
4617
545
3837
425
872
1771
999
2524
1993
4314
3803
2217
2250
3728
4374
1578
591
4113
87
3884
3374
3505
709
4406
2802
1185
4146
2544
2085
835
4970
4125
2539
2481
2924
2272
4325
2561
4943
3514
4267
2707
1486
202
3617
4320
1212
843
2650
2261
176
3617
3160
613
3930
3171
4921
4738
2515
1034
1394
3917
2473
4224
3752
2025
2024
4682
3162
3987
4745
1870
1448
324
4374
949
718
1589
4619
1009
1953
3713
3814
872
336
4622
4872
4806
4412
1755
1682
4870
4495
3
4168
1506
3208
2289
1417
630
182
1505
4444
3736
48
1389
3779
3394
803
2381
547
2478
3627
1693
802
4808
1495
3450
4647
2944
3721
4133
1702
2213
2972
2710
161
4610
2756
2561
2871
2420
3609
852
888
3121
3499
3558
3069
4114
2958
3690
2748
3537
1144
4481
1155
411
526
4867
3872
3655
802
3054
2655
3341
4127
4228
1715
4920
4938
3257
4762
2940
3091
443
861
2831
3873
64
1805
1715
4073
4130
4991
4562
3816
4878
144
3848
1291
824
4434
493
2510
4832
3421
1448
1457
2391
2981
2036
1892
434
4866
1350
3652
630
1419
916
3315
3305
3618
791
171
4167
4466
1649
2907
4634
4787
1320
4464
2984
692
1792
1620
361
1240
4620
2387
3518
2161
3806
560
3379
2304
626
4460
4812
1138
1127
2583
1651
2171
4893
2308
3064
4479
2639
4601
1279
2595
3945
268
2533
1184
4834
294
2787
2848
4403
3676
2121
1943
2806
176
1891
394
4256
4604
4576
1331
2128
255
3373
3162
421
4325
397
3861
3922
2938
2076
296
2492
2951
3879
3533
1322
3380
3373
861
2844
2331
168
2485
3605
4299
2996
4890
2369
2738
3031
60
1543
3905
2567
3454
3311
2324
1718
4
3699
959
377
4003
1386
3593
3988
3795
2016
4644
47
3904
47
1082
908
4500
4178
2417
3157
1895
659
3336
4074
2887
1988
3967
1801
4367
2451
2898
2300
1452
3851
3166
2350
4218
4850
458
213
3731
4036
4199
3745
2648
1285
1520
3067
3245
4180
