4182
1651
2120
1672
3796
3959
3133
4795
1723
5052
2601
1682
670
1608
648
4150
1525
4044
3881
4555
1815
2636
841
2377
4179
4334
184
2045
5058
563
1795
2680
182
2098
3079
2804
2828
1432
5135
311
4969
981
3974
1421
3363
3689
3898
4951
348
2362
2036
1579
3815
1794
42
2465
4906
894
2847
2770
2798
4083
4441
4366
604
4950
2168
928
4982
3462
239
2669
3179
750
431
2693
4554
4047
5146
3081
1194
1157
2593
4009
622
107
4312
943
728
3003
3122
3122
3032
152
960
3382
3856
311
1219
4419
4444
441
2508
572
1
1557
1008
1665
4270
1157
3216
2467
2727
677
1
1170
743
1263
104
3313
3895
1907
3244
783
3724
2958
1442
415
3598
3953
4241
2162
1070
547
1878
460
425
5442
2701
4047
628
2056
3318
623
1663
3450
2684
5071
4141
2691
4643
1236
2210
4526
4227
1548
1688
1761
1506
1970
3602
620
970
591
1
5263
1428
3970
1326
1650
1657
1029
1406
3373
5188
862
3513
1192
861
2573
834
402
1
2341
4295
1979
1672
2457
1685
2914
2135
1
1302
2519
4909
1363
808
1047
504
346
2810
2351
3483
3495
2661
2519
2654
717
424
3508
3059
1317
1133
5047
326
3994
2706
3366
3286
4587
4210
2399
1360
1354
2253
2857
3212
2034
400
3185
1660
3076
2921
1459
684
765
1853
2969
4800
929
2838
5312
1650
635
4682
5067
878
3717
2340
4287
4678
4840
862
136
542
417
1591
2655
355
1
1718
4539
4217
2917
3507
2232
474
649
2180
1612
3345
4259
4958
5029
1
3726
3596
161
3721
1938
4598
3331
640
3625
4939
966
1161
4537
4327
529
4272
4011
701
2424
2457
1831
1000
3903
2211
798
3220
3619
1105
2107
3072
856
3358
2323
564
4225
2370
5095
1605
4985
3644
4153
3871
85
4232
1955
871
1696
4931
709
4925
2767
2722
1845
3146
532
2507
1557
3690
3741
4569
3636
1420
2712
2464
3357
5123
578
3498
2354
3411
687
856
4581
2547
4684
4703
3441
2420
1409
3366
2366
1679
1889
5028
3560
513
5028
3503
859
3978
4097
2470
1011
2409
1112
3866
1
4356
1694
3480
3515
2413
3926
1492
2530
215
4773
1782
1
776
516
1306
2708
3083
453
3310
4498
3738
713
864
4079
2747
2352
1598
538
4242
2859
33
4663
836
2124
5085
3007
4405
2041
1
4843
4746
3155
1475
4412
2348
2949
2199
2555
2472
3259
566
3960
2640
439
4067
783
597
4711
879
477
2075
23
1017
1544
1659
3745
4058
1859
3114
986
1773
1764
587
1589
5058
1621
1115
1821
4457
4065
5337
1632
2124
1278
2640
986
5112
3943
2428
4711
737
4377
2735
222
653
1
1692
976
2464
4519
830
2663
2427
4832
828
3337
3771
1014
3264
4213
2814
5052
2925
316
3721
1814
2203
809
1307
2556
3069
1029
2273
4630
2107
3206
4189
2326
5011
3852
978
4869
3251
3236
2358
4204
4005
2564
1890
2003
3869
4641
1374
1775
351
568
4737
1
2388
2864
5028
4585
2552
1464
3823
5170
3625
3100
2488
4328
2835
726
2369
2640
1568
3037
2176
2668
1
3780
1724
2340
3127
4433
1
223
2588
300
460
852
2201
3413
1910
3224
5178
2830
1696
4510
121
5221
2267
75
5277
4678
4292
577
3997
1062
5454
5260
2820
4549
1
3486
3535
633
801
3187
2387
3722
3867
1
3346
2250
2396
2567
3548
676
3276
1454
865
4875
4990
2274
628
3715
2979
213
5128
2468
3108
4963
3112
2128
3860
2375
1023
1191
3048
2056
2613
3987
4958
1595
1218
1494
4593
5506
2217
1048
3001
4080
403
89
4910
3862
2000
631
3222
4675
2052
5136
4632
1484
1408
133
1190
2211
480
4078
2528
3585
2806
3883
4214
3448
3509
1847
3961
3386
3691
942
237
354
1513
1487
1107
4269
3811
2153
1020
2358
702
2618
2685
3915
2533
605
3897
3087
3747
97
3546
4286
794
3266
4744
1354
657
895
2416
3693
4375
4431
4838
2510
939
4376
2385
2697
1237
262
3258
4437
2691
3791
4532
2442
1311
760
1946
4646
4631
1765
1902
2101
3422
4229
3751
3538
2398
2991
3123
4167
1410
3757
3573
1216
1391
4343
4313
1477
2093
3531
3362
2283
99
2904
915
3203
877
2879
4229
3585
2104
2589
2468
1
1076
4156
3958
4076
4554
2660
4908
2390
82
1915
5049
3098
3433
1661
69
2055
2776
3847
2660
4238
2410
590
2057
1423
4796
3565
2683
1420
824
2116
1
3791
1
1209
3835
1967
2353
1164
2785
2805
3464
4244
1876
2266
3433
196
2270
4592
2005
1
1957
3666
3904
2656
2688
2347
3205
2686
1
3645
1862
1529
1135
1521
1193
2078
3283
3384
1603
4572
1325
353
3462
4053
4134
4836
847
3989
2241
2606
3314
3561
1342
730
1230
2348
2329
928
4491
3880
3642
1989
3098
597
3394
649
4575
2559
1
2732
4179
868
4241
5330
3810
473
1948
1295
3575
1620
1
3814
687
2006
2399
3659
1413
1944
3734
1078
2491
2557
3741
2429
1
1810
3181
1833
3424
923
4453
1687
2976
4673
1096
2021
1627
3429
1866
4036
241
1618
543
1
109
1596
2884
2411
2230
3262
1222
685
2142
4973
1515
4307
5453
4392
4613
4601
287
4975
1132
3568
403
1952
3241
1131
4895
883
2259
3267
3056
3276
2887
4158
1445
472
3965
1
348
3000
3163
2422
2168
678
2367
3468
805
335
2500
3844
4322
3635
4144
2272
3848
84
4173
1157
575
4527
2717
3701
3535
2288
3708
1788
4886
2125
814
1999
1156
5114
720
2517
4401
1604
742
3450
5332
2992
1432
3545
4729
2336
658
2597
2409
1277
1920
3312
2592
2657
589
4757
4415
1239
1304
4687
2839
3622
4854
393
3674
1989
265
509
4378
974
3876
1
1578
4032
1601
4010
4330
1168
3274
2186
4861
978
2212
1853
3836
2967
1636
1100
885
2026
3419
2796
2921
644
4574
4853
714
2865
4052
2720
3674
2698
915
3889
3026
586
1543
4651
3849
1825
955
1125
3889
589
257
1303
3405
4134
625
3753
2838
2163
4379
1729
2888
1464
3895
2975
135
428
2458
3253
625
275
5000
2789
5324
4084
2699
3311
3424
2028
3599
4510
4460
4493
2549
3531
3166
4261
1363
4731
901
235
4148
1053
2045
626
292
1241
1665
3913
2056
1527
1077
584
3509
3109
1
3215
68
2263
2063
2448
4417
4240
4946
2249
514
2078
1173
699
5109
4498
3848
4710
2997
850
1913
1977
246
4661
4613
3309
3976
3069
3907
3089
1532
4821
552
4148
3459
671
4597
3423
1808
4077
2253
1272
862
4026
2499
1697
907
2008
1227
3952
3265
3147
988
4649
3508
1
3873
367
1159
3190
322
3194
745
984
245
1
1351
1735
1971
2517
892
1849
1
3790
5481
3480
2005
4782
1088
1450
366
1720
2444
4624
4028
3481
1573
1114
1899
3232
4531
4447
721
227
2024
3453
2195
3676
999
4924
1
396
3827
2752
1240
568
546
3648
197
4651
3906
709
2101
3331
4122
4593
1832
4064
789
3996
3656
4223
990
3348
562
3700
3535
3795
3610
3622
1173
3047
1
3803
937
1551
954
3306
3191
851
3374
2601
2348
4052
1642
824
1274
2309
1446
661
2716
4571
1632
4457
195
822
2961
4311
1550
1390
1
5078
1
1346
435
1954
1103
2441
1067
1773
3298
4416
1778
4617
3869
1
2742
3513
1
1497
749
3031
3802
70
1820
2780
56
4440
1006
2386
3315
2150
463
1052
3371
2473
2964
4525
2513
3848
3457
2157
5196
3286
2781
3518
4634
3064
3464
1490
3849
1717
4081
1631
3331
3108
4050
1842
1755
1306
2863
4322
1435
280
3667
466
1722
1224
2696
1570
1463
2574
1387
4090
3508
5064
3492
3927
3072
5022
3154
3144
3840
3230
454
2571
4153
420
1825
4020
758
4944
643
2459
3608
2924
2579
1
4211
1911
2034
1
3220
870
4776
4103
2016
3171
1241
4921
3620
1580
4150
4611
2777
1677
1
1768
4380
4156
3475
4256
3814
4543
1353
496
4605
688
1
4352
2718
2465
4380
2067
3953
1119
2330
4006
2977
782
3493
5013
2157
2895
3017
93
2864
3148
3243
4602
2272
3013
3568
4519
4230
2484
4306
1075
1
2797
1
2101
4118
1596
1324
4743
3762
509
2551
2576
4302
3794
3525
4692
4725
1891
2794
2153
1630
1180
3155
4322
3783
4786
3225
1855
1275
139
2889
857
90
1260
4755
1234
1407
1444
2165
2655
2596
3111
1176
4454
2730
1968
1895
2249
3088
516
986
2037
1301
3363
3415
2755
4731
5304
4034
2332
2336
4656
11
4925
5441
2913
2618
484
1131
4334
2148
3826
3484
3819
1
2340
1214
129
4218
1931
4705
777
3064
2768
2817
4274
2246
3098
4064
2224
1905
4704
4697
5093
3817
1091
768
350
2935
4621
1912
1645
3437
1766
4268
3967
634
505
3559
969
2224
3203
3368
3397
1394
3020
1
1274
4826
3196
4072
3264
2543
3852
1569
4507
3352
4934
2850
4173
4320
1868
2292
2154
4294
1271
2719
3410
3615
1124
1283
1346
3603
1618
4297
2607
1448
4066
2696
4404
4335
770
198
2163
1249
793
4488
3999
3861
4012
3608
3299
2502
4436
3942
3408
2146
2412
4221
4664
4499
3220
2318
4885
3158
1719
4679
1
736
2186
502
925
4233
2300
513
3050
2242
786
3394
3244
355
4551
3099
1176
5251
1473
1907
460
3787
4882
1038
2608
2643
1593
3493
2437
177
1254
1469
1723
1357
1136
574
3773
3803
2204
4412
4558
3768
572
512
1
1571
2344
3975
2638
3682
1357
4378
1639
4382
3335
205
901
4442
1179
3609
2509
3321
2289
3686
2026
4580
1141
3806
1
1451
2371
1547
3038
2113
4688
3648
1871
1771
4009
4458
1476
2
4648
226
4464
3211
3185
1241
3875
2487
1313
3751
2439
2679
1166
4909
3563
2957
2368
3233
2069
3890
2037
4373
3223
4010
3007
1619
384
3017
3825
1272
230
2971
2730
230
3184
3390
538
3936
3791
5060
5055
2014
481
1542
3569
2769
4081
3550
2278
2495
4524
3632
4218
4179
2066
1063
610
4036
445
722
1452
4469
967
2416
3807
4204
1150
1
4453
5015
5341
3937
2333
2245
4610
4591
1
4142
1928
3286
2229
1399
96
767
2042
4039
4321
490
1263
4001
2839
749
2101
979
2376
3772
2145
1380
4504
2105
3006
4579
3407
3477
3634
1492
2722
3542
2207
1
4292
2289
2198
3013
1922
3034
273
887
3344
4014
3843
2479
4408
2943
4160
2478
3145
707
4482
1288
809
1012
4721
4119
3612
595
3446
2291
3091
4593
3863
1551
4906
4433
3028
4986
2773
3369
197
664
3027
4042
1
1946
1345
4176
4126
4871
5100
4151
4506
1
3237
1008
1422
4302
924
3033
5442
3127
1052
933
2313
2737
1983
2437
943
4965
1048
3489
505
803
698
2962
3129
3560
913
448
4366
4682
1788
3034
4763
5066
988
4070
2866
1135
1756
2238
170
1131
4230
2309
3511
1687
4336
1048
3748
2422
677
3844
5217
578
906
3171
1549
2367
4609
1770
3251
4492
2563
4469
1449
3093
3581
120
2948
1013
5077
185
3351
3074
3813
3961
2629
1891
2351
246
1897
956
3796
4091
4466
1725
2303
869
3981
2821
80
4600
77
4344
3969
2620
2056
823
1989
3372
4229
3468
1065
3707
2862
565
3019
2538
351
2120
3900
4879
3251
5127
2107
2804
2920
349
1517
4293
3080
3469
3177
1719
1287
62
3930
750
468
3456
965
3741
4543
4122
1501
4858
1
4159
436
1316
353
4903
3633
2564
2578
1400
570
3393
4531
2853
1905
3360
1767
4004
2134
2480
2752
2061
4083
3632
1911
4124
5068
896
1
3893
3531
3898
3347
2936
1839
2025
3197
3582
4425
